 13 001 ../../data/multipie/session2/001/001_02_01_051_03.bmp  0.0502145 0.529221 001 0 0.01 1e-05 50 5000 4096 100 5 84 20 0.593727 1 001 227 166 018 201 001 001 001 001 001 001 201 018 227 166 -0 0 0.0706015 0.698792 0.0136862 0 0 0 0 -0 -0.026944 -0 0 0 0 0 0 -0 -0 -0 -0 0 0 0 0 0 0 0.0238599 0 0 -0.0657766 -0 0 0.0369676 0 -0 -0 -0 -0 -0 -0.0129103 0 0.0408895 0 0 0.0218909 0 0 0 -0 -0 -0 0 0 0 -0 -0 -0 -0 -0 0 0 0 0.0851059 0 0 0 0 0 0 -0 0 0 0 0 0 0 0.00314959 0 0.0138539 0 0 0.0355603 0 0 0 0 0 0 0 -0 -0 0 0 0.0378663 0 0.0122135 0 -0 0
 110 001 ../../data/multipie/session2/001/001_02_01_051_10.bmp  0.0194339 0.423987 001 0 0.01 1e-05 50 5000 4096 100 5 66 20 0.688244 1 001 227 156 025 035 001 001 001 001 001 001 227 025 035 156 -0 -0 -0 -0 -0.00400613 -0 -0 -0 -0 0 0.748747 0 0 0.0298843 -0 -0 -0 0 0 -0 0 -0 -0 -0 -0 0 0 0 0 0 0.0761555 0 0 0 -0 -0 0 0.00122054 0.000160742 0.0398966 0 0 0 -0 -0.0180679 -0 -0 -0 -0.00214833 -0 0 0 0 -0 -0 -0 -0 0 0.0304548 0 0 -0 -0 -0 -0 0 -0 -0 -0 -0 0 0 0 0 -0 -0 -0 0 0 0 0 0 -0 -0 -0 0 -0 -0 -0 -0 0 0.0221057 0.0288557 0 -0 0 0 0 0.0409862 0
 117 001 ../../data/multipie/session2/001/001_02_01_051_17.bmp  0.0291195 0.437741 001 0 0.01 1e-05 50 5000 4096 100 5 67 20 0.613486 1 001 227 006 156 035 001 001 001 001 001 001 006 156 035 227 0.055599 -0 0 -0 -0.0424876 -0 -0 -0 -0 -0 -0.0384833 -0 0 0.0156849 0 0 0 0.672248 0 0 0.00881685 -0 -0 -0 -0.00909689 -0 -0 -0 -0 -0 -0 -0 0 -0 -0 0 0 0.106184 0 -0 -0 0 0 0 -0 0 0 -0 -0 0 -0 0 0 0 0 0 0 0.0970593 0 -0 -0 -0.0106377 -0 -0 -0 0 0 0 -0 -0 -0 -0 0 0 -0 0 0 0.00853886 0 -0 0 0 0 0 -0 0 -0 -0 -0 -0 -0.00441298 -0 -0 -0 0 0.00337959 0 0.11325 0 0.00768737
 124 002 ../../data/multipie/session2/002/002_02_01_051_04.bmp  0.0293962 0.302106 002 0 0.01 1e-05 50 5000 4096 100 5 48 20 0.636048 1 002 160 065 036 149 002 002 002 002 160 002 160 149 065 036 0 0 0 0.0361288 0.652839 0 -0 -0.0226161 -0.0441683 -0 -0 -0 -0 -0 0.0480372 0 0 0 0 0.0650524 0.0647685 0.0900541 0 0 0 0.0115402 0 -0 -0 -0 0 -0 -0 -0.00507149 0.00306007 0 0 0 -0 0 0 0 0 0 0 -0 -0 -0 -0 -0 -0 -0.0335735 -0 -0 0 0 0 0 -0 0 0 -0.00631241 -0 0 0.0555794 0 0 -0 -0 0 0 -0 -0 -0 0 0 0.0318798 0 0 0 0 0 0 -0 0 0 -0 -0 -0 -0 -0 -0 -0 0 0 0 0.0550452 0 -0 0
 131 002 ../../data/multipie/session2/002/002_02_01_051_11.bmp  0.0187071 0.325023 002 0 0.01 1e-05 50 5000 4096 100 5 53 20 0.540197 1 002 160 036 143 137 002 002 002 160 160 002 160 143 036 137 0 0 -0 -0 -0 -0 -0 -0 -0 0 0.000802612 0.649635 0 0 0 0 0 6.01546e-06 0.00177218 0.0846829 0 0.00452055 0 -0 -0 -0 -0 -0.0121547 -0 0 0 0.165875 0.0252981 0 -0 0 0 0 0 0 0 -0 -0 -0.00783808 -0 -0 -0 -0 -0 -0 0 0 0 0 -0 0 -0 -0 0 0 0 -0 -0 -0 -0.0403139 -0 -0 -0 -0 -0 0 0 0.017832 0.0760815 -0 0 0.0575436 0 0 -0 0 -0 -0.0213328 -0 -0 -0 -0 -0 -0 -0 -0 0 0 0 -0 0 0 -0 0 -0
 138 002 ../../data/multipie/session2/002/002_02_01_051_18.bmp  0.0211594 0.34432 002 0 0.01 1e-05 50 5000 4096 100 5 53 20 0.585877 1 002 160 083 036 065 002 002 002 002 002 002 160 065 083 036 0 -0 -0.00950243 -0 -0 -0 -0 -0.0503972 -0 -0 0 -0 -0 0 0 0.00794262 0 0.222456 0.532778 0.0844027 0 0 0 -0 -0 -0 -0 -0 -0 0 0 0 0 0 0 0 0.0240239 0 0.0421588 0.0435452 0 -0.0192962 -0 -0 0 0 -0 -0 -0 0 0 -0 -0 -0 0 0 0.030157 0 0 0 -0.0322645 -0 -0 -0 -0.0153682 -0 -0 -0.04739 -0 0 0 0 0 0.0323839 -0 0 0 0 0.130415 -0 -0 -0 -0.00277309 -0.00255321 -0 -0 -0 -0 -0 -0 -0 -0 0 0 -0 0 0.0272676 0 0 -0
 145 003 ../../data/multipie/session2/003/003_02_01_051_05.bmp  0.0209392 0.433734 003 0 0.01 1e-05 50 5000 4096 100 5 69 20 0.749363 1 003 201 001 166 034 003 003 003 003 003 003 034 201 166 001 0.00903872 0.00987472 0 0 0.142586 0.643137 0 0 0 0 0 0 -0 -0.0351499 0 0 0 0 0 0.0494047 0 0.00207555 0 0 0 0 0 0 0 0 0 0 -0 -0 0 0 0 0 0 0 0 0.00802282 0 0 0 0 0.0927485 0 0 0 0 0 -0 -0 0 0.00492929 0 0 0 0 0 0.0323325 0 0 0 0 0 0 -0 0 0 -0 -0 -0.0292077 0 0 0 -0 -0 0 0.0536904 0 0 0 0 0 0 0 0 0 0 0 -0 -0 0 0 0 0 0 0
 152 003 ../../data/multipie/session2/003/003_02_01_051_12.bmp  0.0274121 0.545599 003 0 0.01 1e-05 50 5000 4096 100 5 85 20 0.57433 1 003 157 143 098 128 003 003 003 003 128 003 128 157 098 143 0.0213858 -0 -0 -0.0186077 -0 -0 -0 -0 -0 -0 0 0.0342769 0.729824 0 -0 -0 0 0 0 0 -0 0 -0 -0.0448122 -0 -0 -0 -0 -0.0328469 -0 -0 0 -0 -0.022546 -0 -0 -0 -0 -0 -0 0 0 -0 -0 0 0 -0 -0 -0 -0 0 0 0.106865 0.0473614 0 0 0 0 0 0 0.0119768 0 0 -0 -0 -0 -0 -0 -0 -0 -0 0 0 -0 -0 0 0 0 0 0 0 -0 -0 -0 -0 -0 -0 -0 -0 0 0 0 0.0364783 0 -0 -0 0.00488762 0 0.0568814 0.0505651
 159 003 ../../data/multipie/session2/003/003_02_01_051_19.bmp  0.0267176 0.345106 003 0 0.01 1e-05 50 5000 4096 100 5 52 20 0.514022 1 003 093 128 109 179 003 003 003 003 003 003 128 093 109 179 0.407412 0 -0 -0 -0 -0 -0.0560785 -0 -0 -0 0 0 0 0 -0 -0 -0 -0 -0 0.404515 0.026778 0 -0 0 0 0 0 0 0 0 0 0 -0 -0.0381125 0 0 0 -0 -0 0.0842015 0 -0 -0.0527871 -0.0187216 -0 -0 -0 -0 -0 -0 -0 -0 -0 -0.0216513 -0 0 0 -0 -0 0.171464 0 -0 -0.000324258 -0 -0 -0 -0 -0.0396306 -0 -0 -0 -0 0 0 0 0 0 -0 -0 0.0894191 0.00903111 0 0 -0 -0 -0 -0 -0 -0 -0 -0 -0 -0 -0 0 0 0 -0 -0 0
 166 004 ../../data/multipie/session2/004/004_02_01_051_06.bmp  0.0269314 0.32688 004 0 0.01 1e-05 50 5000 4096 100 5 53 20 0.72348 1 004 041 200 146 022 004 004 004 004 004 004 041 146 200 022 0.0431719 0 -0 -0 0 0.155499 0.609065 0 0 0 -0 0 -0 -0.013122 0 0.0125112 0 0 -0 0 -0 0 0 0 0 0 0 0.0334413 0 0 0 0 -0 -0.0115068 0 0.00110013 0.0613411 0 0 -0 0 0.00272689 0 -0 -0 0 0 0 0 -0 -0.00288849 -0 0 0 0 0.0358143 0 0 0 0 -0 -0 -0 -0 0 0 0.0529897 0 0 0 0 -0 -0 -9.76704e-05 0 0.0117896 0 0 0 -0 -0 0 -0 -0 0 0 0.0127177 -0 -0 0 -0 -0 -0 -0.0103072 0 0 0 -0 -0 -0
 173 004 ../../data/multipie/session2/004/004_02_01_051_13.bmp  0.0226651 0.367383 004 0 0.01 1e-05 50 5000 4096 100 5 58 20 0.62659 1 004 243 007 031 221 004 004 004 004 031 004 031 243 007 221 0.0548127 0 0.00454026 0 0 0 0 -0 0 0 0 0 0.120694 0.569366 -0 -0 -0 -0 0 0 0 -0 -0 -0 -0.00912117 -0 -0 0 0 0 0 0 0.0381491 0 -0 0 0 0 0 0 -0 -0 0 0 -0 0 0 -0 -0 -0 -0 0 0 0.178578 -0 0 0 0 -0 -0 -0 0 0 -0 -0 -0.00908079 -0 -0 -0 -0 -0 -0 0 0.0704098 -0 -0 0 -0 -0 -0 -0 0 0 -0 -0 -0 -0 -0.00521168 -0 -0.00716528 -0 0 0 0 -0 -0 -0 -0 -0 -0.00151835
 180 005 ../../data/multipie/session2/005/005_02_01_051_00.bmp  0.0270388 0.474185 005 0 0.01 1e-05 50 5000 4096 100 5 73 20 0.759256 1 005 157 128 048 056 005 005 005 157 157 005 157 128 056 048 0.16618 -0 -0 0 0 -0 -0.0031557 -0.0114288 -0 -0 0 -0 -0 -0.0310651 0 0 0.0177283 0 0.0392069 0.797665 0 -0.0130774 -0.0116415 -0 -0 -0 -0 -0 -0 -0 0 0 0 0 -0 -0 0 -0 0 0.0828653 0 0.0297414 0 0 0 -0 -0.0180237 -0 -0 -0 0 0 0 0.0102401 -0 -0 -0 -0 0 0 -0 -0.00634431 -0.0262843 -0 -0 -0 0 0 -0 0 0 -0 -0 -0.00910634 -0.021134 -0 -0 -0 -0 -0 0 0 0 0 0.0135232 0 0 -0 -0 -0 -0 -0 -0 0 0 0 -0 -0.0124005 -0 -0
 187 005 ../../data/multipie/session2/005/005_02_01_051_07.bmp  0.0212339 0.501065 005 0 0.01 1e-05 50 5000 4096 100 5 81 20 0.760143 1 005 227 135 020 030 005 005 005 005 005 005 030 020 227 135 0.0282011 0 0 0.0183574 0 0.0162349 0 0.788125 0 0 0 0.0303728 0 -0 0 0 0 0 0 0 -0 -0.0213362 -0 -0 -0 0 0 0.0225845 0 0 -0 -0 -0 -0.0109011 0 0 0 0 -0 -0 0 0 0 0 0 0 0 0 0 0 0 -0 -0 -0 0 0.014504 0 0 0 0 0 -0 -0 0 0 0 0 0 0 -0 -0 -0 -0 -0.0097626 0 0.0146791 0.0250512 0.0105667 0 0.0251628 0 -0 -0 -0 0 0 0 0.00230715 0.0522433 0 -0 0 -0 -0.000162382 0 0 0 0 0 0
 194 005 ../../data/multipie/session2/005/005_02_01_051_14.bmp  0.0264194 0.34495 005 0 0.01 1e-05 50 5000 4096 100 5 55 20 0.859525 1 005 020 100 135 128 005 005 005 005 020 005 020 135 128 100 0.124821 -0 -0 -0 0 0 0 -0 -0 -0 -0 -0 -0 -0.0227476 0.80117 0 0 0 0 0 0 -0 -0 0 0 0.0580169 0.0109705 0 0 0 0 -0 -0 -0 0 0 0 0 0 0 0 0 -0 -0 0 0 0 0 0 0 0 0 0 0 0 0 0 0 -0 0 0 0 0 0 0 0 0 0 -0 -0.0129845 -0 -0 -0 -0 0 0 -0 -0 -0 0 0.0246713 0.0115203 0 0 0 -0 -0 -0 -0 -0 -0 -0 0 0.00195447 0 -0 -0 -0 -0 0
 1101 006 ../../data/multipie/session2/006/006_02_01_051_01.bmp  0.0196538 0.412656 006 0 0.01 1e-05 50 5000 4096 100 5 69 20 0.794326 1 006 100 019 207 075 006 006 006 019 019 006 019 075 100 207 0 0.880658 -0 -0 -0 -0 -0 -5.6275e-05 -7.79309e-05 -0 0 0 0.000185357 0.0227911 -0 -0 -0.0018747 -0 0 0.00230813 0.0131788 0 0 -0 -0 -0 -0 -0.0116645 -0 -0 -0 0 0 0 -0 0 -0 -0 0 0.0311373 -0 0 0 0 0 0 0 0 0 0 0 0 -0 -0.0104246 0 0 -0 0 0 -0.00364996 0 0.0960987 0 -0 -0 -0 0 0 -0 0 0 0 -0 -0.00723327 0 0 0 0 0 0 0 -0 -0 -0.00542826 -0 -0 -0 -0 -0 -0 0 0 0 -0 -0 -0 -0 0 0 0
 1108 006 ../../data/multipie/session2/006/006_02_01_051_08.bmp  0.0199868 0.688885 006 0 0.01 1e-05 50 5000 4096 100 5 103 20 0.780381 1 006 162 035 197 071 006 006 006 006 162 006 162 071 035 197 -0 0 0 0 0 0 0 0.0622681 0.681391 0.0775262 0 0 0.0222202 0.0133698 0 0 0 0 0 -0 -0 0 0 0 0 0 0 0 0.0317297 0.0520285 0 0 0 0 0 0 -0 0 0 -0 -0.00610563 -0.00449464 -0 -0 -0 0 0 0 0 0 0 -0 -0 -0 -0 -0 -0 -0 -0 -0 -0 0.0063159 0 0 0 0.000388136 0.0246036 0.0352946 0 0 0 0 -0 -0 -0 -0 -0 0 0 -0 -0 0 0.00667742 0 0 0.013858 0 0 0 0 0 -0 -0 -0.00112033 -0 -0 -0 -0 -0 -0
 1115 006 ../../data/multipie/session2/006/006_02_01_051_15.bmp  0.0221508 0.391734 006 0 0.01 1e-05 50 5000 4096 100 5 72 20 0.731839 1 006 019 197 064 035 006 006 006 006 006 006 197 019 035 064 0.0524403 0.0334141 0 0 -0 -0 -0 -0 -0.0296948 -0 0 -0 -0 -0 0 0.735671 0 0 0 0 0 -0 0 -0 -0 0 0 0 0 0 0.00793694 0 0 -0 0 0.0496879 0 0 0.00607168 0 0.00460984 0 0 0 -0 0 0 -0 -0 0 0 0 -0 -0 0 0.104975 0 0 0 0.00126437 -0 -0 -0 -0 -0 0 -0 -0 -0 -0 -0 -0 -0 -0 0 0 -0 -0 -0 -0 0 -0 -0 -0 -0 0 0 0 0 0 0 0 -0 -0.00674482 0 0.021013 0 0 0.0301827 0
 1122 008 ../../data/multipie/session2/008/008_02_01_051_02.bmp  0.0295665 0.248824 008 0 0.01 1e-05 50 5000 4096 100 5 39 20 0.38035 1 008 059 031 047 183 008 008 008 008 059 008 059 031 183 047 0.001078 0.175937 0.309587 0 0 -0 -0 -0.0062722 -0.0222356 -0 -0 0 0 0.00876406 0.0621059 0.0217359 0 -0 0 0.0475743 -0 0 0.26451 0 0 0 0 0 0 0.0224398 0 0 -0 -0.00189031 0 -0 -0 -0.022739 -0 -0.0202382 0 0.036216 0 0.118162 0 0 0 0 -0 0 0 0 0 0 0 0 0 -0 -0 0 0 0 0 -0 0 -0 -0 -0 -0 -0 0 -0 -0 -0 -0 -0 0 -0 -0 0.00319284 -0 0.0572168 0 -0 -0 -0 -0 -0 -0 0 0.0196722 0.00952756 0 0.0135254 -0 -0 -0 0 0 -0.0548372
 -20 001 ../../data/multipie/session2/001/001_02_01_051_00.bmp  0.231021 0.226459 002 0 0.01 1e-05 50 5000 4096 100 5 36 20 0.168593 -2 002 026 042 027 017 026 026 026 026 026 026 042 017 002 027 0.080463 -0 -0 -0 0 0 0 0 0 0.101375 0 -0 -0 -0 0 0 0 0.00417709 0 0.0537636 0 0 0.212463 0 0 -0 -0 -0.14893 -0 0 0.00918779 0 0.014067 0.0720282 0.0840458 -0 -0.000851588 0 0.00432392 0 0.0887448 0 0 0 -0 -0 -0 -0 0 0 -0 0 0 0 0 0 0 0 -0 0.0276787 0 -0.0739098 -0 0 0 0.041135 0.0182474 0 0.00770825 0 -0 -0.00333422 -0 -0.0419647 0.0510987 0.124418 0.16365 0 -0 0 -0 0.14648 0 -0 -0 -0 -0 -0 0 0 -0 0 0 0.04843 -0 -0 0 0 0 -0.00767813
 -20 001 ../../data/multipie/session2/001/001_02_01_051_00.bmp  0.281758 0.237908 002 0 0.01 1e-05 50 5000 4096 100 5 36 20 0.168593 -2 002 026 042 027 017 026 026 026 026 026 026 042 017 002 027 0.080463 -0 -0 -0 0 0 0 0 0 0.101375 0 -0 -0 -0 0 0 0 0.00417709 0 0.0537636 0 0 0.212463 0 0 -0 -0 -0.14893 -0 0 0.00918779 0 0.014067 0.0720282 0.0840458 -0 -0.000851588 0 0.00432392 0 0.0887448 0 0 0 -0 -0 -0 -0 0 0 -0 0 0 0 0 0 0 0 -0 0.0276787 0 -0.0739098 -0 0 0 0.041135 0.0182474 0 0.00770825 0 -0 -0.00333422 -0 -0.0419647 0.0510987 0.124418 0.16365 0 -0 0 -0 0.14648 0 -0 -0 -0 -0 -0 0 0 -0 0 0 0.04843 -0 -0 0 0 0 -0.00767813
 -20 001 ../../data/multipie/session2/001/001_02_01_051_00.bmp  0.232642 0.225681 002 0 0.01 1e-05 50 5000 4096 100 5 36 20 0.168593 -2 002 026 042 027 017 026 026 026 026 026 026 042 017 002 027 0.080463 -0 -0 -0 0 0 0 0 0 0.101375 0 -0 -0 -0 0 0 0 0.00417709 0 0.0537636 0 0 0.212463 0 0 -0 -0 -0.14893 -0 0 0.00918779 0 0.014067 0.0720282 0.0840458 -0 -0.000851588 0 0.00432392 0 0.0887448 0 0 0 -0 -0 -0 -0 0 0 -0 0 0 0 0 0 0 0 -0 0.0276787 0 -0.0739098 -0 0 0 0.041135 0.0182474 0 0.00770825 0 -0 -0.00333422 -0 -0.0419647 0.0510987 0.124418 0.16365 0 -0 0 -0 0.14648 0 -0 -0 -0 -0 -0 0 0 -0 0 0 0.04843 -0 -0 0 0 0 -0.00767813
 17 001 ../../data/multipie/session2/001/001_02_01_051_07.bmp  0.231027 0.319229 001 0 0.01 1e-05 50 5000 4096 100 5 49 20 0.230768 1 001 026 041 046 015 026 026 026 026 026 026 001 041 046 015 0 -0 -0 0 0 0 0 0.00441301 0.145805 0.0377337 0.0200472 0 -0 -0.0551055 0 0 0.0025557 0.0111137 0.013152 0.0414636 0 -0 -0 0 0 0.038352 0.199682 0.131924 0.113591 0 0 0 -0 -0 0 0 0 0 0 0 -0 -0 0 0 0.0656712 0 0.0334147 0.0254303 0.0135252 0 0 0 -0 0 0 0 0.0192411 0.022364 0 -0 -0 -0.00222641 0 0 0 0.0302574 0 0.0455822 0.00594861 0 0 0.0907583 0.000345745 0 -0 -0 -0 0 0 -0.037229 -0 -0 -0 0 0 0 0 0 0 0 0 0 0 0.036052 -0 -0 -0 0 0 -0.0142452
 16 001 ../../data/multipie/session2/001/001_02_01_051_06.bmp  0.23385 0.363984 001 0 0.01 1e-05 50 5000 4096 100 5 55 20 0.166823 1 001 026 041 046 015 026 026 026 026 026 026 046 041 001 015 0 -0 -0 -0 0 0.0516772 0.113558 0.0113315 0 0 0 0 -0 -0.0522305 0 0 0.0654541 0.0110161 0 0.0199179 -0.0354938 -0.00922626 0 0 0 0 0.0325171 0.0530218 0 0 0 0.0784132 0.00944554 0 -0 -0 -0 0 -0 -0.00751726 -0 0 0 0 0.0731943 0.0840607 0.0104432 0 0 0 0 0 0 -0 0 0 0 0.0415559 0 -0 0 -0 -0 0 0 0.154311 0.235591 0 0 0 0.00597118 0 0 0 0 0 0 0 0 0.0181344 -0 -0 0 0 0 0.0378586 0 0 0 0.00663567 0 0 0 0.0229802 -0 -0 -0 -0 -0 -0
